2.698849999999999860e-01
2.752780000000000227e-01
2.803470000000000129e-01
2.893600000000000061e-01
2.967279999999999918e-01
3.021499999999999742e-01
3.302590000000000248e-01
3.341480000000000006e-01
3.403649999999999731e-01
3.466199999999999837e-01
3.610510000000000108e-01
3.650149999999999784e-01
4.046560000000000157e-01
4.358349999999999724e-01
4.678160000000000096e-01
4.861329999999999818e-01
5.085819999999999785e-01
5.460739999999999483e-01
5.769589999999999996e-01
5.790650000000000519e-01
5.875609999999999999e-01
5.892619999999999525e-01
6.438469999999999471e-01
6.562719999999999665e-01
6.678150000000000475e-01
7.065190000000000081e-01
8.521109999999999518e-01
8.943499999999999783e-01
1.013980000000000103e+00
1.082969999999999988e+00
1.128659999999999997e+00
1.362200000000000077e+00
1.395059999999999967e+00
1.469500000000000028e+00
1.529519999999999991e+00
1.660600000000000076e+00
1.681000000000000050e+00
1.693200000000000038e+00
1.709130000000000038e+00
1.813069999999999959e+00
1.970089999999999897e+00
2.058100000000000041e+00
2.152600000000000069e+00
2.325419999999999821e+00
2.437399999999999789e+00
3.243900000000000006e+00
3.266799999999999926e+00
3.302599999999999980e+00
3.422000000000000153e+00
3.507000000000000117e+00
3.556400000000000006e+00
3.636000000000000121e+00
3.704000000000000181e+00
3.706700000000000106e+00
3.774000000000000021e+00
3.846000000000000085e+00
3.922000000000000153e+00
4.000000000000000000e+00
4.081999999999999851e+00
4.166999999999999815e+00
4.254999999999999893e+00
4.347999999999999865e+00
4.395999999999999908e+00
4.443999999999999950e+00
4.493999999999999773e+00
4.544999999999999929e+00
4.650999999999999801e+00
4.761999999999999567e+00
4.878000000000000114e+00
5.000000000000000000e+00
5.062999999999999723e+00
5.128000000000000114e+00
5.262999999999999901e+00
5.333000000000000185e+00
5.405000000000000249e+00
5.556000000000000050e+00
5.714000000000000412e+00
5.881999999999999673e+00
6.060999999999999943e+00
6.153999999999999915e+00
6.250000000000000000e+00
6.451999999999999957e+00
6.666999999999999815e+00
6.756999999999999673e+00
6.849000000000000199e+00
6.897000000000000242e+00
6.943999999999999950e+00
7.041999999999999815e+00
7.142999999999999794e+00
7.246000000000000441e+00
7.352999999999999758e+00
7.407000000000000028e+00
7.463000000000000078e+00
7.519000000000000128e+00
7.575999999999999623e+00
7.634000000000000341e+00
7.692000000000000171e+00
7.751999999999999780e+00
7.812999999999999723e+00
7.873999999999999666e+00
7.937000000000000277e+00
8.000000000000000000e+00
8.064999999999999503e+00
8.130000000000000782e+00
8.196999999999999176e+00
8.265000000000000568e+00
8.333000000000000185e+00
8.403000000000000469e+00
8.474999999999999645e+00
8.547000000000000597e+00
8.621000000000000441e+00
8.695999999999999730e+00
8.772000000000000242e+00
8.849999999999999645e+00
8.929000000000000270e+00
9.009000000000000341e+00
9.090999999999999304e+00
9.173999999999999488e+00
9.301999999999999602e+00
9.523999999999999133e+00
9.756000000000000227e+00
1.000000000000000000e+01
1.025999999999999979e+01
1.052999999999999936e+01
1.081000000000000050e+01
1.110999999999999943e+01
1.135999999999999943e+01
1.163000000000000078e+01
1.175999999999999979e+01
1.190000000000000036e+01
1.205000000000000071e+01
1.219999999999999929e+01
1.234999999999999964e+01
1.250000000000000000e+01
1.266000000000000014e+01
1.282000000000000028e+01
1.299000000000000021e+01
1.316000000000000014e+01
1.333000000000000007e+01
1.378999999999999915e+01
1.428999999999999915e+01
1.481000000000000050e+01
1.538000000000000078e+01
1.600000000000000000e+01
1.667000000000000171e+01
1.723999999999999844e+01
1.785999999999999943e+01
1.851999999999999957e+01
1.896999999999999886e+01
1.923000000000000043e+01
1.960999999999999943e+01
2.000000000000000000e+01
2.041000000000000014e+01
2.082999999999999829e+01
2.105000000000000071e+01
2.128000000000000114e+01
2.173999999999999844e+01
2.273000000000000043e+01
2.380999999999999872e+01
2.500000000000000000e+01
