2.244153802500000516e+00
2.237776646399999958e+00
2.232155521600000192e+00
2.223051180100000135e+00
2.216317012900000272e+00
2.211734096099999825e+00
2.191969080899999867e+00
2.189689657599999784e+00
2.186198816400000133e+00
2.182888051599999990e+00
2.175979014399999745e+00
2.174238720899999588e+00
2.159753552100000196e+00
2.151179556100000223e+00
2.144145204100000424e+00
2.140749396899999990e+00
2.137063896899999982e+00
2.131833606400000303e+00
2.128243322499999923e+00
2.128009912899999634e+00
2.127134740899999876e+00
2.126959728100000113e+00
2.122004024099999775e+00
2.121013576899999808e+00
2.120168966400000077e+00
2.117461522499999749e+00
2.109698150399999861e+00
2.107868422500000172e+00
2.103225062499999964e+00
2.100789348100000176e+00
2.099253254399999769e+00
2.091523364099999949e+00
2.090453305600000089e+00
2.087938300900000321e+00
2.085915832900000044e+00
2.080546608099999695e+00
2.080113907600000367e+00
2.079508202500000014e+00
2.075587676100000056e+00
2.069311020099999787e+00
2.065601328399999659e+00
2.061406777599999796e+00
2.053259726399999874e+00
2.047617902499999865e+00
1.996964659600000136e+00
1.995241000900000117e+00
1.992473402500000157e+00
1.982999076100000257e+00
1.975936262400000087e+00
1.971721472400000064e+00
1.959999999493749812e+00
1.959999998850789682e+00
1.959820802871000023e+00
1.951608998455510058e+00
1.946024997539840040e+00
1.940448997316760016e+00
1.934880996647590168e+00
1.926543993615989825e+00
1.912688988551000113e+00
1.904399982575999628e+00
1.904399954630999758e+00
1.890624929774999963e+00
1.882383919344000178e+00
1.874160919343999865e+00
1.863224934463999949e+00
1.863224931355999869e+00
1.849599764775000432e+00
1.822496687600000165e+00
1.800948159600000320e+00
1.782198785599999891e+00
1.768873167600000240e+00
1.755594859899999971e+00
1.742367623900000106e+00
1.716067281600000216e+00
1.705604303100000108e+00
1.664066360000000078e+00
1.633248716400000022e+00
1.587560057600000185e+00
1.562458268399999906e+00
1.535078489600000262e+00
1.468900835100000135e+00
1.380573734400000196e+00
1.340907749999999732e+00
1.288160999999999889e+00
1.254327579900000211e+00
1.232019000000000197e+00
1.174965750000000142e+00
1.108696640000000011e+00
1.028052000000000188e+00
9.411190399999999068e-01
9.000023999999999802e-01
8.414062500000000222e-01
7.908370900000001313e-01
7.385759999999998993e-01
6.733086900000000430e-01
5.944457699999999845e-01
4.929469299999999499e-01
3.824799999999999867e-01
2.802553599999999534e-01
1.720872900000000039e-01
6.483869000000000438e-02
-6.262839000000000600e-02
-1.442050000000000276e-01
-2.158225899999999808e-01
-2.904069999999999707e-01
-3.828409999999999869e-01
-4.818709999999999383e-01
-5.901638399999999951e-01
-7.397006400000000204e-01
-9.366903100000000260e-01
-1.183225189999999705e+00
-1.589127750000000283e+00
-2.213950309999999977e+00
-3.285229750000000504e+00
-4.811142839999999588e+00
-5.414650999999999215e+00
-4.305443999999998717e+00
-4.509999999999880771e-02
4.895099999999999341e+00
7.134476999999999514e+00
6.998554999999999637e+00
5.939343000000000039e+00
4.935772000000000936e+00
4.151327999999999463e+00
3.490600640000000254e+00
3.176649750000000161e+00
2.842643999999999505e+00
2.705999999999999517e+00
2.579544999999999977e+00
2.536935999999999858e+00
2.644634999999999625e+00
2.777120000000000477e+00
2.955359999999999321e+00
3.101924999999999599e+00
3.204095999999999833e+00
3.224571000000000076e+00
3.127976999999999563e+00
3.052207000000000114e+00
2.858554999999999513e+00
2.674799999999999844e+00
2.525380000000000624e+00
2.384900999999999716e+00
2.215199999999999836e+00
2.047274999999999956e+00
1.893105000000000038e+00
1.698764999999999858e+00
1.408944000000000196e+00
1.205792000000000197e+00
9.302750000000000741e-01
5.098884900000000275e-01
-2.379694399999999765e-01
-1.304662710000000114e+00
-2.894547110000000423e+00
-3.924396000000000662e+00
-3.509844000000000630e+00
8.276399999999917156e-02
6.955995999999999846e+00
7.935100000000000264e+00
7.344511999999999041e+00
7.344511999999999041e+00
