0.000000000000000000e+00
0.000000000000000000e+00
0.000000000000000000e+00
0.000000000000000000e+00
0.000000000000000000e+00
0.000000000000000000e+00
0.000000000000000000e+00
0.000000000000000000e+00
0.000000000000000000e+00
0.000000000000000000e+00
0.000000000000000000e+00
0.000000000000000000e+00
0.000000000000000000e+00
0.000000000000000000e+00
0.000000000000000000e+00
0.000000000000000000e+00
0.000000000000000000e+00
0.000000000000000000e+00
0.000000000000000000e+00
0.000000000000000000e+00
0.000000000000000000e+00
0.000000000000000000e+00
0.000000000000000000e+00
0.000000000000000000e+00
0.000000000000000000e+00
0.000000000000000000e+00
0.000000000000000000e+00
0.000000000000000000e+00
0.000000000000000000e+00
0.000000000000000000e+00
0.000000000000000000e+00
0.000000000000000000e+00
0.000000000000000000e+00
0.000000000000000000e+00
0.000000000000000000e+00
0.000000000000000000e+00
0.000000000000000000e+00
0.000000000000000000e+00
0.000000000000000000e+00
0.000000000000000000e+00
0.000000000000000000e+00
0.000000000000000000e+00
0.000000000000000000e+00
0.000000000000000000e+00
0.000000000000000000e+00
0.000000000000000000e+00
0.000000000000000000e+00
0.000000000000000000e+00
0.000000000000000000e+00
0.000000000000000000e+00
6.299999999999999990e-05
9.492000000000000600e-05
9.799552000000000870e-05
1.098042000000000218e-04
1.383840000000000222e-04
1.443147999999999892e-04
1.610778000000000047e-04
2.218024000000000026e-04
2.959620000000000371e-04
3.643200000000000084e-04
5.878799999999999347e-04
7.287500000000000141e-04
7.792960000000000685e-04
7.775920000000000184e-04
6.988800000000001391e-04
7.152600000000001144e-04
1.319199999999999973e-03
4.913999999999999965e-03
1.068232000000000036e-02
1.367040000000000095e-02
1.377880000000000077e-02
1.454849999999999893e-02
1.502160000000000301e-02
1.498640000000000215e-02
1.470555999999999947e-02
1.496399999999999987e-02
1.518264000000000245e-02
1.592640000000000028e-02
1.615000000000000116e-02
1.615656000000000037e-02
1.592568000000000109e-02
1.682600000000000068e-02
1.736999999999999655e-02
1.815999999999999906e-02
1.906240000000000365e-02
1.998000000000000470e-02
2.059599999999999972e-02
2.232359999999999900e-02
2.433599999999999999e-02
2.522519999999999971e-02
2.808448000000000194e-02
3.670000000000000345e-02
4.804380000000001150e-02
5.503999999999999865e-02
5.749100000000000737e-02
5.742936000000000568e-02
6.671076000000000783e-02
9.572351999999999250e-02
1.440384000000000109e-01
2.020463999999999871e-01
2.656997999999999860e-01
3.663692000000000060e-01
4.446120000000000627e-01
5.497830000000000217e-01
6.378239999999999466e-01
7.093200000000000616e-01
7.946399999999999020e-01
8.571276000000001005e-01
9.107136000000000120e-01
9.764820000000000721e-01
1.008305999999999925e+00
1.033560000000000034e+00
1.090278000000000080e+00
1.370850000000000124e+00
2.654084000000000110e+00
5.319299999999999251e+00
8.500160000000001048e+00
1.016999999999999815e+01
9.107999999999998764e+00
5.462235999999999869e+00
2.742491999999999930e+00
1.130975999999999981e+00
4.536959999999999882e-01
1.874959999999999682e-01
1.891427999999999998e-01
2.765199999999999880e-01
3.920799999999999841e-01
5.022079999999999878e-01
6.605519999999999170e-01
8.624100000000000099e-01
1.071067999999999909e+00
1.160082000000000058e+00
1.202558000000000016e+00
1.123491999999999935e+00
9.960500000000001020e-01
8.217400000000000260e-01
6.831359999999999655e-01
6.216239999999999544e-01
5.331719999999999793e-01
5.159019999999999717e-01
5.369280000000000719e-01
5.660199999999999676e-01
6.068080000000000140e-01
6.814999999999999947e-01
7.397280000000000522e-01
7.968519999999998937e-01
8.422700000000000742e-01
8.753940000000000055e-01
8.714999999999999414e-01
9.282136000000000831e-01
1.087670399999999926e+00
1.478912000000000004e+00
2.796324000000000254e+00
4.448880000000000834e+00
7.093520000000000714e+00
1.057063999999999915e+01
7.574880000000000280e+00
4.298111999999999711e+00
2.174765999999999977e+00
2.174765999999999977e+00
