 10.00000000
 11.09745639
 12.31535383
 13.66691021
 15.16679400
 16.83128350
 18.67844346
 20.72832117
 23.00316402
 25.52766096
 28.32921042
 31.43821772
 34.88842501
 38.71727750
 42.96632986
 47.68169718
 52.91455550
 58.72169721
 65.16614738
 72.31784787
 80.25441629
 89.06198848
 98.83615331
109.68299011
121.72021994
135.07848325
149.90275770
166.35393162
184.61055013
204.87075291
227.35442459
252.30558119
279.99501840
310.72325060
344.82377227
382.66667747
424.66267649
471.26755326
522.98711200
580.38266677
644.07713336
714.76178989
793.20377921
880.25443477
976.85852014
1084.06448259
1203.03583188
1335.06376792
1481.58119416
1644.17826895
1824.61966361
2024.86371441
2247.08367651
2493.69131034
2767.36305652
3071.06908333
3408.10552211
3782.13024021
4197.20253997
4657.82721448
5169.00343820
5736.27902321
6365.81062975
7064.43058468
7839.72103294
8700.09622681
9654.89384606
10714.47634009
11890.34339193
13195.25672469
14643.37860492
16250.42554615
18033.83888075
20012.97405125
22209.31067559
24646.68566609
27351.55193226
30353.26547506
33684.40398853
37381.12042655
41483.53537204
46036.17246692
51088.44162864
56695.17529760
62917.22353543
69822.11443264
77484.78699317
85988.40444983
95425.25683758
105897.76262020
117519.58024123
130416.84166273
144729.52127949
160612.95506574
178239.52644142
197800.53715503
219508.28348771
243598.36031162
270332.21800867
300000.00000000
