  0.067
  0.06978818
  0.07290970
  0.07603122
  0.07915273
  0.08227425
  0.08539576
  0.08851728
  0.09163880
  0.09476031
  0.09788183
  0.10100334
  0.10412486
  0.10724638
  0.11036789
  0.11348941
  0.11661093
  0.11973244
  0.12285396
  0.12597547
  0.12909699
  0.13221851
  0.13534002
  0.13846154
  0.14158305
  0.14470457
  0.14782609
  0.15094760
  0.15406912
  0.15719064
  0.16031215
  0.16343367
  0.16655518
  0.16967670
  0.17279822
  0.17591973
  0.17904125
  0.18216276
  0.18528428
  0.18840580
  0.19152731
  0.19464883
  0.19777035
  0.20089186
  0.20401338
  0.20713489
  0.21025641
  0.21337793
  0.21649944
  0.21962096
  0.22274247
  0.22586399
  0.22898551
  0.23210702
  0.23522854
  0.23835006
  0.24147157
  0.24459309
  0.24771460
  0.25083612
  0.25395764
  0.25707915
  0.26020067
  0.26332219
  0.26644370
  0.26956522
  0.27268673
  0.27580825
  0.27892977
  0.28205128
  0.28517280
  0.28829431
  0.29141583
  0.29453735
  0.29765886
  0.30078038
  0.30390190
  0.30702341
  0.31014493
  0.31326644
  0.31638796
  0.31950948
  0.32263099
  0.32575251
  0.32887402
  0.33199554
  0.33511706
  0.33823857
  0.34136009
  0.34448161
  0.34760312
  0.35072464
  0.35384615
  0.35696767
  0.36008919
  0.36321070
  0.36633222
  0.36945373
  0.37257525
  0.37569677
  0.37881828
  0.38193980
  0.38506132
  0.38818283
  0.39130435
  0.39442586
  0.39754738
  0.40066890
  0.40379041
  0.40691193
  0.41003344
  0.41315496
  0.41627648
  0.41939799
  0.42251951
  0.42564103
  0.42876254
  0.43188406
  0.43500557
  0.43812709
  0.44124861
  0.44437012
  0.44749164
  0.45061315
  0.45373467
  0.45685619
  0.45997770
  0.46309922
  0.46622074
  0.46934225
  0.47246377
  0.47558528
  0.47870680
  0.48182832
  0.48494983
  0.48807135
  0.49119287
  0.49431438
  0.49743590
  0.50055741
  0.50367893
  0.50680045
  0.50992196
  0.51304348
  0.51616499
  0.51928651
  0.52240803
  0.52552954
  0.52865106
  0.53177258
  0.53489409
  0.53801561
  0.54113712
  0.54425864
  0.54738016
  0.55050167
  0.55362319
  0.55674470
  0.55986622
  0.56298774
  0.56610925
  0.56923077
  0.57235229
  0.57547380
  0.57859532
  0.58171683
  0.58483835
  0.58795987
  0.59108138
  0.59420290
  0.59732441
  0.60044593
  0.60356745
  0.60668896
  0.60981048
  0.61293200
  0.61605351
  0.61917503
  0.62229654
  0.62541806
  0.62853958
  0.63166109
  0.63478261
  0.63790412
  0.64102564
  0.64414716
  0.64726867
  0.65039019
  0.65351171
  0.65663322
  0.65975474
  0.66287625
  0.66599777
  0.66911929
  0.67224080
  0.67536232
  0.67848384
  0.68160535
  0.68472687
  0.68784838
  0.69096990
  0.69409142
  0.69721293
  0.70033445
  0.70345596
  0.70657748
  0.70969900
  0.71282051
  0.71594203
  0.71906355
  0.72218506
  0.72530658
  0.72842809
  0.73154961
  0.73467113
  0.73779264
  0.74091416
  0.74403567
  0.74715719
  0.75027871
  0.75340022
  0.75652174
  0.75964326
  0.76276477
  0.76588629
  0.76900780
  0.77212932
  0.77525084
  0.77837235
  0.78149387
  0.78461538
  0.78773690
  0.79085842
  0.79397993
  0.79710145
  0.80022297
  0.80334448
  0.80646600
  0.80958751
  0.81270903
  0.81583055
  0.81895206
  0.82207358
  0.82519509
  0.82831661
  0.83143813
  0.83455964
  0.83768116
  0.84080268
  0.84392419
  0.84704571
  0.85016722
  0.85328874
  0.85641026
  0.85953177
  0.86265329
  0.86577480
  0.86889632
  0.87201784
  0.87513935
  0.87826087
  0.88138239
  0.88450390
  0.88762542
  0.89074693
  0.89386845
  0.89698997
  0.90011148
  0.90323300
  0.90635452
  0.90947603
  0.91259755
  0.91571906
  0.91884058
  0.92196210
  0.92508361
  0.92820513
  0.93132664
  0.93444816
  0.93756968
  0.94069119
  0.94381271
  0.94693423
  0.95005574
  0.95317726
  0.95629877
  0.95942029
  0.96254181
  0.96566332
  0.96878484
  0.97190635
  0.97502787
  0.97814939
  0.98127090
  0.98439242
  0.98751394
  0.99063545
  0.99375697
  0.99687848
  1.00000000
